4
3 13 10 15 11 5 16 12 7 4 14 8 6 9 2 
1 8 12 16 14 2 6 9 10 3 15 11 7 5 13 
7 5 4 14 15 8 13 10 1 9 2 6 3 12 11 
2 11 9 6 4 7 3 1 12 16 13 5 14 10 15 
5 4 1 9 16 3 2 13 11 12 6 14 15 8 10 
12 14 8 2 9 15 4 11 3 10 16 7 5 13 1 
10 7 13 3 12 6 5 14 8 2 1 15 16 11 4 
6 15 16 11 10 1 8 7 5 13 9 4 12 2 3 
9 10 6 1 8 12 11 16 15 14 3 13 4 7 5 
4 2 14 5 1 9 7 6 16 11 10 12 13 3 8 
8 16 11 13 3 14 15 5 2 7 4 9 10 1 6 
15 3 7 12 13 4 10 2 6 8 5 1 9 14 16 
16 9 5 8 2 11 12 4 13 15 7 10 1 6 14 
14 1 3 7 5 10 9 15 4 6 11 2 8 16 12 
13 6 2 4 7 16 1 8 14 5 12 3 11 15 9 
11 12 15 10 6 13 14 3 9 1 8 16 2 4 7 
