4
0       1       0       0       0       13      0       3       0       9       0       14      2       0       0       10
0       0       0       3       11      0       5       14      0       0       16      10      0       1       0       6
11      9       0       0       2       0       0       10      0       1       7       0       12      0       0       0
0       0       0       0       4       1       7       6       0       13      8       0       11      9       0       14
1       0       0       0       13      8       0       0       0       0       0       0       0       16      10      2
0       0       0       12      0       0       14      0       15      16      10      2       1       0       0       0
9       5       14      11      0       0       10      2       1       0       0       0       0       0       0       0
15      0       0       2       1       0       0       4       0       0       0       12      9       5       0       0
7       0       0       0       8       0       0       13      5       14      11      9       0       0       0       15
8       3       12      0       0       0       0       9       16      10      2       15      7       0       0       0
5       0       11      9       16      10      0       0       7       0       0       1       8       3       12      0
16      10      2       0       0       0       0       0       8       3       0       13      0       0       0       9
6       4       1       7       3       0       0       8       14      11      9       0       10      2       15      16
3       12      0       0       0       0       9       0       0       2       15      16      0       0       1       0
0       0       0       0       10      0       15      0       0       4       1       7       0       12      13      0
10      2       0       0       0       0       0       7       0       0       13      8       14      0       0       5