5
14      0       0       12      0       3       0       0       0       22      11      0       16      0       9       0       19      0       5       0       25      13      2       0       0
3       1       15      10      22      11      18      16      0       9       0       0       17      0       0       25      0       2       23      6       0       0       0       12      21
11      18      16      0       9       8       0       17      5       0       0       13      2       0       0       14      4       0       12      0       3       1       15      10      0
0       0       17      5       20      25      13      2       0       0       14      0       0       0       0       3       1       0       10      0       11      0       0       0       0
0       0       2       0       6       0       4       0       0       21      0       1       0       10      0       11      18      16      0       0       0       19      0       5       20
4       24      0       21      14      0       0       0       0       3       0       16      0       0       0       0       17      0       20      8       13      0       0       6       25
1       0       10      22      0       0       16      7       9       11      19      0       0       0       8       13      0       23      0       25      4       24      12      0       0
0       16      7       9       11      19      17      5       0       8       0       2       0       0       25      0       0       12      0       0       1       0       10      0       3
19      0       5       20      8       0       0       23      0       0       0       24      12      0       0       1       15      0       0       3       0       0       0       0       11
13      2       0       6       0       0       24      12      0       0       1       0       10      0       3       18      16      7       9       0       0       17      0       20      8
0       12      0       0       0       0       0       0       3       1       16      0       9       11      18      0       0       0       8       19      2       23      6       25      13
0       10      22      3       1       16      7       9       0       0       17      5       20      0       19      2       23      0       0       13      24      12      0       0       4
0       0       9       0       18      17      5       20      0       0       2       0       0       0       0       24      0       0       14      4       15      0       22      0       1
0       0       20      8       0       0       23      6       0       0       24      12      21      14      0       0       0       22      3       1       0       7       0       0       18
0       0       0       25      13      0       0       21      14      0       0       0       0       0       1       0       7       9       0       18      0       5       0       8       19
0       0       14      4       24      10      22      0       1       15      7       0       0       18      0       5       0       8       19      17      0       0       25      0       2
0       0       3       1       0       7       9       11      18      16      0       20      8       19      17      23      6       25      0       2       0       21      0       4       24
7       0       0       18      16      0       0       0       0       17      23      0       25      0       0       12      21      0       0       24      10      0       0       1       0
0       0       0       0       0       0       0       25      13      0       0       0       0       4       24      0       0       0       0       15      7       0       11      0       16
23      0       25      0       0       0       0       0       4       24      10      0       0       0       0       7       9       11      0       16      5       20      0       0       0
0       0       0       0       12      0       3       1       0       0       0       11      18      16      7       20      0       0       0       5       6       25      13      2       0
22      3       1       15      0       0       0       18      16      0       0       8       0       0       0       6       25      13      0       0       21      0       4       24      0
9       11      0       16      0       20      8       0       17      5       0       25      13      0       23      0       14      4       24      0       22      3       1       15      0
0       8       0       0       5       6       0       0       0       0       21      0       0       0       12      22      3       1       15      10      9       0       18      0       0
6       0       0       2       0       0       0       0       24      12      22      3       0       0       0       9       0       18      0       7       20      0       0       17      0