7
7       0       0       15      33      0       0       0       41      0       0       0       0       6       0       0       35      0       0       12      0       0       0       9       34      0       0       19      39      21      32     25       0       0       14      24      36      1       0       38      0       13      0       16      40      0       0       49      46
44      41      0       0       0       0       6       2       0       35      29      0       12      4       0       45      0       0       3       0       19      0       21      32      25      42      11      0       0       0       1      00       0       13      0       0       40      0       10      49      46      0       0       5       15      0       0       0
0       20      0       29      18      0       0       8       45      9       0       0       26      19      39      21      0       0       0       0       0       0       36      0       48      0       0       0       17      0       40     00       49      46      7       0       0       15      0       0       22      44      41      28      0       27      0       6
0       0       0       34      0       26      19      39      21      0       25      0       11      0       24      36      0       48      0       23      0       0       16      0       0       10      0       46      7       0       0      033      43      0       0       0       0       0       0       0       0       2       0       35      29      0       12      0
39      21      32      0       42      0       0       24      36      0       48      0       23      0       0       0       40      47      10      49      0       0       0       5       0       33      0       0       0       0       28     00       31      0       2       0       35      29      18      0       0       0       45      9       0       0       0       0
0       0       0       48      38      0       0       17      16      40      0       0       0       46      0       0       0       0       0       0       0       0       0       28      30      0       0       0       2       20      0      00       12      0       0       0       9       0       3       26      19      0       0       32      25      0       11      0
17      0       0       0       10      0       0       0       37      0       0       33      43      22      0       41      0       30      0       0       0       0       20      0       0       0       12      0       8       45      0      34       0       26      0       39      0       0       0       42      11      0       24      36      0       48      38      0       13
0       5       15      0       43      0       7       41      0       0       27      0       6       0       0       35      29      0       12      0       2       45      0       0       3       0       0       8       0       32      0      011      0       39      0       1       48      0       23      0       0       0       40      47      10      49      0       0
41      28      30      27      31      0       0       0       35      0       0       12      4       2       0       0       34      3       26      19      0       21      0       25      0       0       0       39      36      1       0      38       23      0       0       16      0       47      10      0       0       0       37      5       0       0       0       0       0
0       0       29      0       12      4       0       45      0       0       3       0       19      8       21      32      0       42      0       0       39      36      0       0       38      0       13      0       16      0       47     10       49      46      0       0       0       15      0       43      0       0       41      28      0       27      31      0       44
0       9       0       0       0       19      8       21      0       0       0       11      14      0       0       1       48      38      0       0       0       16      40      47      10      49      0       17      37      5       15     00       0       0       41      28      0       0       0       6       44      0       35      0       18      0       0       2
21      32      0       42      0       0       39      0       0       48      38      0       0       0       16      40      47      0       49      0       17      0       5       15      0       43      0       0       0       28      30     27       0       0       44      20      0       0       0       12      0       0       0       9       0       3       0       0       0
0       0       0       0       0       0       24      0       40      0       0       49      0       0       0       0       0       0       43      22      0       41      28      30      0       31      0       0       0       0       29     012      0       2       0       9       34      3       26      0       0       0       0       25      42      11      14      39
16      40      0       10      49      0       0       0       0       0       33      43      0       0       41      0       0       0       0       0       0       20      0       0       0       12      0       0       45      0       0      326      19      8       21      32      0       0       0       14      39      0       1       0       0       0       0       24
5       15      0       43      0       7       0       0       30      0       0       0       44      0       0       0       0       12      0       0       0       9       0       0       0       0       0       45      32      25      42     014      0       0       1       48      0       0       13      24      0       0       47      10      0       0       17      0
28      0       27      31      6       44      0       35      0       0       12      0       0       0       0       0       0       0       0       8       0       0       25      42      11      14      39      0       1       48      38     23       0       0       0       40      0       10      49      46      17      16      0       0       33      43      22      0       37
0       0       0       12      0       0       0       0       0       3       0       19      0       45      0       25      0       0       0       0       0       0       0       38      23      0       24      36      0       0       10     046      0       0       0       15      33      43      22      0       37      28      30      27      0       6       0       0
0       34      3       26      19      8       45      0       25      42      11      0       0       0       0       48      0       23      0       0       0       0       47      0       0       46      0       16      5       15      0      022      7       0       28      30      0       0       0       44      41      35      0       0       12      0       2       20
32      25      0       0       14      39      21      0       0       0       0       0       24      0       40      47      10      49      0       17      16      5       15      33      43      0       0       37      28      30      0      06       44      41      35      0       0       0       4       2       0       9       34      3       26      0       8       45
1       48      38      23      13      24      36      0       47      0       49      46      17      0       5       15      0       43      0       7       37      28      30      0       31      0       0       41      35      0       18     12       4       0       20      9       0       3       26      0       0       45      0       0       0       0       14      39      21
0       0       10      0       0       0       0       5       15      0       43      0       7       37      0       0       27      31      6       0       41      35      29      18      0       4       0       0       9       0       0      019      0       0       32      25      42      11      14      39      0       0       48      0       0       0       24      0
0       0       0       0       0       0       0       0       27      31      0       0       0       0       29      18      12      4       2       20      35      34      3       0       0       8       0       9       0       0       0      039      21      32      0       0       0       0       0       0       1       0       10      0       0       17      0       0
30      27      0       6       44      0       28      0       18      12      4       0       20      0       0       3       26      19      8       0       0       0       0       11      14      0       0       0       48      0       23     13       0       36      0       0       0       0       46      0       0       0       15      0       43      0       7       37      0
29      18      0       0       0       0       35      34      3       0       19      0       45      0       25      42      11      14      0       0       32      48      38      0       13      24      36      0       47      10      49     46       17      0       0       0       33      0       22      0       0       5       30      0       0       0       0       0       0
34      3       0       19      0       0       9       0       0       0       0       0       0       0       48      0       23      0       0       36      0       47      0       49      0       17      0       40      0       0       0      00       37      0       30      0       0       0       44      41      28      29      0       0       4       2       20      0
25      42      0       14      0       0       0       0       38      0       13      0       36      0       0       0       49      0       17      0       0       0       0       0       0       7       0       0       0       0       31     00       0       0       29      18      0       0       0       20      0       34      0       26      0       8       45      0
48      0       23      0       24      0       1       47      10      0       0       0       16      40      15      0       43      22      7       0       0       0       0       31      0       44      41      0       29      18      12     00       20      35      0       0       0       19      8       45      0       0       42      11      14      39      21      32
47      0       49      0       17      16      40      0       0       0       0       0       0       5       0       0       0       6       0       41      28      0       18      12      4       0       20      35      0       3       0      00       0       9       0       0       11      14      39      21      32      48      0       23      0       0       0       0
33      0       22      0       37      5       0       0       31      6       44      41      0       0       0       12      0       2       0       0       0       3       0       0       8       0       0       0       42      0       14     39       21      32      0       38      23      13      0       36      1       0       10      0       46      0       0       0       47
0       0       0       0       41      28      0       0       0       4       0       20      35      0       0       0       19      0       0       0       0       42      0       14      39      0       0       25      38      23      13     00       0       48      10      0       0       0       16      0       0       0       43      22      7       0       0       0
18      12      4       2       0       0       0       3       26      0       0       45      0       34      42      11      0       39      0       32      0       0       23      13      24      36      0       48      0       49      46     016      40      47      0       0       0       7       0       5       0       27      0       0       44      0       28      30
3       0       0       0       0       9       34      0       0       14      39      0       32      0       0       0       0       24      36      1       48      10      49      0       17      0       0       47      33      0       22     737      0       15      0       0       6       44      41      28      30      0       0       4       2       20      0       0
42      11      0       39      21      0       25      38      23      13      24      0       1       0       10      49      0       0       0       0       47      33      0       22      0       37      5       15      27      31      0      041      28      0       18      0       4       2       0       35      0       0       0       19      0       0       0       34
38      23      13      24      0       0       48      10      0       46      17      0       0       0       0       0       0       7       0       0       15      27      0       0       0       41      0       30      0       12      0      220      0       29      3       26      19      8       45      9       34      0       0       14      0       0       0       0
10      49      0       17      0       0       47      33      43      22      0       0       0       0       0       0       6       0       0       28      0       0       0       4       0       20      35      29      0       0       0      00       9       34      42      0       14      39      21      32      25      0       23      0       24      0       0       48
43      22      0       37      0       0       0       0       0       0       0       28      30      27      0       4       2       20      35      29      18      26      0       8       0       0       34      0       11      0       0      21       0       0       42      23      13      0       36      1       48      0       49      46      0       16      0       47      10
0       6       44      0       0       0       27      12      0       0       20      35      0       0       26      19      0       45      9       0       3       11      0       0       0       32      0       0       0       0       0      36       0       0       0       0       46      0       0       0       47      10      43      0       0       37      0       15      33
12      0       0       20      0       29      0       0       0       8       45      9       0       3       11      0       0       0       0       25      42      0       13      24      0       1       0       0       0       46      0      00       47      10      43      0       0       0       5       15      0       0       0       0       0       28      30      27
26      19      8       0       0       0       3       0       14      0       21      32      25      42      23      0       24      36      1       0       38      49      0       0       0       0       0       10      0       0       7      05       0       33      0       6       44      41      28      0       27      0       4       2       0       0       29      0
0       14      0       0       0       0       0       23      13      0       36      0       48      0       0       0       17      16      0       47      10      0       22      0       37      5       0       0       0       6       0      41       28      30      0       0       0       2       20      0       29      18      0       19      0       45      0       0       0
23      13      0       0       1       48      38      49      46      0       0       40      47      0       43      0       7       0       5       0       0       31      0       0       0       0       0       0       12      4       2      20       35      29      0       26      19      0       45      9       0       0       11      0       39      21      32      0       42
0       46      0       0       0       0       10      43      22      0       37      5       15      33      0       6       0       0       28      0       27      0       4       0       0       0       29      18      26      0       8      00       0       3       11      14      39      21      32      0       42      0       0       24      36      0       0       0
22      7       0       0       15      0       43      6       0       41      28      30      27      0       0       2       0       0       29      0       0       0       8       0       9       34      0       26      0       39      0      00       0       11      0       24      0       0       0       0       0       0       17      16      40      47      0       0
6       44      41      0       0       0       0       0       2       0       35      29      0       12      0       8       45      0       34      0       26      0       0       21      32      0       42      11      0       24      0      048      0       0       0       17      16      40      47      10      0       22      0       0       5       0       0       0
0       0       0       35      29      0       12      0       8       45      9       34      0       0       14      39      21      32      25      0       11      13      0       0       1       48      38      23      0       17      0      40       0       0       49      0       7       37      5       15      33      43      6       0       0       0       0       27      0
0       0       0       0       34      0       0       14      0       21      0       0       0       0       13      24      0       0       0       0       0       0       0       0       40      47      0       0       0       0       37     515      0       0       6       44      41      28      30      27      0       0       2       20      35      29      0       0
0       39      0       0       0       42      0       0       0       36      1       48      38      23      46      0       0       40      47      0       49      22      7       0       0       15      0       0       6       44      0      28       30      27      0       0       2       20      35      29      18      12      19      8       45      0       0       0       0
0       0       36      0       0       0       0       0       0       16      0       0       0       0       22      0       37      0       15      33      43      6       44      41      28      30      0       0       4       2       0      00       0       0       19      8       45      0       0       3       0       0       39      21      0       0       0       11
0       0       16      0       47      0       49      22      7       0       5       15      33      43      6       0       0       28      30      0       31      0       0       0       35      0       0       0       0       8       45     934      3       26      14      0       21      32      0       0       0       13      24      0       1       0       38      23