8
0       34      0       0       10      11      49      0       18      0       28      30      45      0       29      0       0       57      0       0       0       0       42      23      0       12      0       0       3       0       0      00       21      0       32      17      0       0       2       14      0       5       15      0       6       0       46      52      39      0       0       0       48      0       43      61      0       1       0       9       0       62     54
0       0       28      0       45      0       0       64      53      0       59      0       0       0       0       0       0       0       31      0       0       0       0       0       55      0       50      0       17      0       0      014      0       5       0       51      0       0       46      52      39      38      0       0       0       63      0       61      25      1       0       9       0       0       54      0       0       0       0       10      11      0      0
0       0       59      0       0       0       42      0       0       12      0       0       0       0       37      20      55      21      0       32      0       4       8       2       14      58      5       15      51      0       0      46       52      0       0       0       0       0       0       43      0       25      0       0       0       0       0       0       0       34      0       0       0       11      0       0       18      0       0       30      45      0      29       0
13      12      31      0       0       0       37      0       0       0       50      0       0       0       8       2       0       58      0       15      51      0       0       46      52      0       38      0       24      0       63     43       0       25      1       47      9       16      0       0       0       0       22      60      10      0       0       33      0       27      28      0       0       56      0       64      0       0       0       0       41      0      00
0       0       50      0       0       0       0       0       0       0       0       0       51      6       0       0       0       39      38      35      24      0       63      0       0       0       1       0       9       0       0      54       0       0       0       60      10      11      0       0       18      0       0       30      0       56      29      64      53      57      0       44      41      0       0       0       0       0       31      0       0       0      020
14      0       5       0       0       6       19      0       0       0       38      35      24      48      0       43      61      25      0       47      0       16      0       54      40      34      22      0       0       0       0      33       18      0       0       30      0       0       0       64      0       0       0       0       0       26      0       23      13      12      31      0       0       36      37      0       55      21      50      0       0       0      02
52      39      38      35      24      0       63      0       0       0       1       47      0       0       62      0       40      0       0       0       0       0       49      0       0       27      28      30      0       56      29     053      57      0       44      41      26      0       0       0       0       0       0       0       36      37      0       0       0       50      32      17      4       0       0       14      0       5       0       0       6       19     46
0       25      1       0       9       16      62      0       0       0       22      60      0       0       0       33      18      0       28      0       0       0       29      0       0       57      59      44      0       0       42     23       0       0       0       0       0       0       37      20      55      0       0       32      17      4       8       2       14      0       0       0       51      6       0       0       52      0       38      0       24      48     00
0       22      60      10      0       0       0       40      27      28      30      45      56      29      64      18      0       59      44      41      26      0       0       53      12      0       7       0       36      0       20     021      0       32      0       4       0       0       55      0       0       15      0       6       19      46      0       39      38      0       24      0       0       0       0       25      0       47      9       16      0       54     61
27      28      30      45      0       0       64      18      0       59      0       0       26      0       23      0       0       31      0       3       0       37      20      0       0       50      32      17      0       8       2      058      5       0       0       6       0       0       0       0       38      35      24      48      63      0       0       25      1       47      0       0       62      0       61      34      0       60      10      0       0       0      0
0       0       44      0       26      0       23      53      0       31      7       0       0       0       0       0       0       0       0       17      0       8       0       0       0       0       0       51      6       0       0      14       39      0       0       24      48      63      43      0       25      1       0       0       0       62      0       0       0       22      0       10      11      49      0       0       27      0       0       45      56      29     64       18
0       31      7       0       36      0       20      13      0       0       32      0       0       0       2       55      0       0       15      0       6       19      46      14      0       0       35      0       0       0       0      52       0       0       0       0       16      0       0       61      0       0       0       10      11      0       0       0       27      0       30      45      0       29      64      18      0       0       0       41      26      42     23       0
21      0       32      17      0       0       2       55      0       0       15      0       6       0       0       0       0       0       0       24      48      63      0       0       0       1       47      0       0       62      54     034      22      0       0       0       49      0       40      0       0       30      45      0       0       0       18      57      59      44      41      26      0       23      0       12      31      7       0       36      37      20     13
58      0       0       51      0       19      46      0       39      38      0       0       0       63      0       52      25      0       47      0       0       62      54      0       34      0       60      0       0       49      0      40       0       0       30      0       0       29      64      0       0       0       44      41      0       0       23      0       0       0       7       3       0       0       0       13      21      0       0       0       0       8      055
0       0       0       0       48      0       43      0       25      0       0       0       16      62      0       0       0       0       0       10      11      49      33      40      0       0       30      45      56      0       0      00       59      44      0       26      0       23      53      12      0       7       3       0       0       20      13      21      0       0       0       4       0       0       0       0       0       15      0       0       0       46     14
0       0       0       0       16      0       54      61      34      22      60      10      0       49      33      0       27      0       30      45      0       29      0       18      0       0       0       41      26      0       23     53       12      0       0       3       36      0       20      0       0       0       0       17      0       0       2       0       0       5       0       51      6       0       46      14      39      0       35      0       48      0      00
22      60      0       0       49      33      40      0       0       0       45      56      29      64      18      0       59      0       0       0       42      0       0       0       31      0       3       0       37      0       13     00       0       17      0       0       2       0       21      0       0       0       0       0       0       0       0       38      35      24      0       63      0       52      39      0       47      0       0       0       0       61     25
0       30      45      56      29      0       0       0       59      44      0       0       0       23      53      0       31      0       3       36      37      20      0       0       50      32      0       0       8       0       55     05       15      0       6       0       46      14      0       38      0       24      0       0       43      0       0       0       0       9       16      62      0       0       25      0       60      10      0       49      33      40     34
59      44      41      0       42      23      53      0       0       7       3       36      37      0       13      12      0       32      17      0       0       0       0       21      5       0       51      6       0       46      14     038      35      24      0       0       43      52      39      1       47      0       0       62      0       0       0       0       0       10      11      49      0       40      34      0       30      45      56      0       64      18     0
0       7       3       36      0       20      13      0       0       0       17      0       8       0       55      0       5       15      0       0       0       46      0       58      38      35      0       0       63      0       0      00       0       0       16      62      54      61      0       0       60      10      11      49      33      0       34      28      0       0       0       0       0       18      0       0       0       0       0       42      23      0      0
0       32      17      0       8       2       55      21      5       15      51      6       19      0       0       58      38      35      24      0       0       43      0       39      0       47      9       0       62      0       61     00       60      0       11      49      0       40      0       28      30      0       56      0       64      0       27      0       0       0       26      0       23      0       57      31      0       0       36      37      0       13     0
5       0       0       6       19      0       0       58      0       0       0       0       0       43      0       39      0       47      0       16      0       54      61      0       0       0       10      0       49      33      40     34       0       30      0       0       0       64      18      0       0       0       41      0       0       0       0       57      0       7       3       36      37      20      13      0       0       32      17      0       8       0      55       0
0       0       24      48      0       43      0       0       0       0       9       16      62      0       61      25      22      60      10      11      49      33      40      0       28      30      0       56      0       0       0      27       59      44      0       0       42      23      53      57      31      7       3       36      37      0       13      12      0       0       17      4       0       2       0       21      0       15      51      6       0       46     00
1       47      0       16      62      0       61      25      22      0       0       11      49      0       40      0       28      30      0       56      0       0       18      27      0       44      41      0       42      0       53     57       0       0       0       36      0       0       13      0       50      0       0       4       0       0       55      0       0       0       0       6       19      0       14      58      38      0       0       48      63      0      039
0       10      11      49      0       40      0       22      30      45      56      0       0       18      27      28      44      41      0       42      0       0       57      0       7       0       36      0       0       0       0      31       0       0       4       8       0       0       21      0       0       0       6       19      0       0       58      0       0       0       48      63      0       52      39      0       47      9       16      0       0       0      01
30      0       56      29      64      0       0       0       44      41      0       0       0       0       0       59      0       0       36      37      0       13      0       0       32      17      4       0       0       0       0      50       15      51      6       19      0       0       0       0       0       24      48      63      43      0       39      0       47      0       0       62      0       61      0       1       60      10      0       49      0       0      34       22
0       41      26      42      0       53      0       0       7       0       0       37      0       13      0       0       0       17      0       8       0       0       21      0       0       51      0       19      0       0       58     50       0       48      0       0       0       39      0       47      0       16      0       0       0       0       1       60      10      0       0       0       0       34      22      0       45      0       29      0       0       27     0
7       3       36      0       0       13      0       31      0       0       0       0       2       55      0       50      0       51      0       19      46      14      0       0       35      24      48      0       0       52      39     38       0       9       0       62      54      61      25      1       0       10      0       49      33      40      34      0       0       45      56      0       64      0       27      28      0       41      0       42      0       53     57       59
32      17      4       0       2       0       0       50      0       51      6       0       46      14      0       0       35      0       48      63      43      0       39      0       0       9       0       62      54      61      25     160      0       0       49      33      40      34      0       30      45      56      0       0       0       27      0       44      0       26      42      23      53      0       0       7       0       36      37      0       13      0      0
0       51      0       0       0       14      58      0       35      0       48      0       43      0       0       0       47      0       0       62      0       0       0       1       60      0       11      0       33      0       34     030      0       0       0       0       0       27      28      44      0       0       0       23      53      57      59      0       0       36      0       20      0       0       31      0       0       0       0       0       0       21     0
0       0       48      63      0       52      39      0       0       9       16      0       54      61      0       1       60      0       0       49      0       40      0       22      0       45      0       29      64      0       0      00       0       0       42      23      53      0       0       7       3       0       37      20      13      12      31      32      0       0       0       0       55      0       0       15      51      0       19      0       0       0      5
47      0       16      62      0       61      25      0       60      0       0       49      0       40      0       0       0       45      56      0       64      0       27      28      0       0       0       0       23      53      0      00       3       0       37      20      0       0       31      32      0       4       8       0       0       0       50      0       51      0       0       0       0       58      0       0       0       48      0       0       0       39     0
0       11      0       0       0       0       0       60      45      56      29      0       0       0       0       0       0       0       42      0       53      57      59      0       0       36      0       0       0       0       31     00       0       8       0       55      21      0       32      51      0       0       0       14      0       5       15      24      0       0       43      0       0       38      0       0       0       62      54      61      25      0      47
0       56      0       64      18      27      28      30      0       26      0       0       0       57      0       0       0       36      0       20      0       0       0       7       17      0       0       0       0       21      0      051      6       0       46      14      0       5       0       0       48      63      43      52      39      0       0       9       0       0       54      61      0       1       0       10      0       49      33      40      0       0      60
0       26      0       0       0       0       59      0       0       36      0       0       13      0       31      0       17      4       0       2       0       0       0       0       0       0       0       0       14      58      0      024      48      63      43      52      39      0       0       0       16      0       0       0       0       1       0       0       0       49      33      0       0       22      60      0       0       0       0       18      27      0      30
0       0       37      0       13      0       31      0       17      0       8       0       0       0       0       32      51      0       0       0       14      0       0       0       24      48      0       43      0       39      0      35       0       0       0       0       0       0       1       0       0       0       49      33      40      0       22      60      45      0       29      0       18      0       28      0       41      0       0       0       0       57     00
17      4       8       0       0       0       50      32      51      6       19      46      14      0       5       15      24      48      0       0       52      39      38      35      0       0       0       0       61      25      1      47       10      11      0       0       0       0       22      0       0       56      0       0       0       27      28      30      41      0       0       23      0       0       59      0       3       0       37      20      0       12     31       0
51      0       0       46      14      0       0       15      0       0       0       0       0       0       0       0       0       16      62      54      0       25      0       0       10      0       49      0       0       34      0      60       45      56      29      64      0       0       28      30      41      26      0       0       0       57      0       44      3       0       0       0       0       12      0       0       17      0       0       0       0       21     00
24      0       63      0       0       39      0       0       9       0       0       54      0       25      1       47      0       0       0       33      40      34      22      60      0       0       0       0       0       0       28     041      26      42      0       0       0       0       0       3       36      0       20      13      12      31      0       0       0       0       0       55      0       0       0       51      0       19      0       14      0       5      15
0       16      62      54      61      0       1       47      0       0       49      0       0       34      22      0       45      0       29      64      0       27      0       0       0       26      0       0       0       0       0      44       3       0       0       20      13      0       31      0       17      0       8       2       0       21      0       0       51      0       0       0       0       0       5       15      0       0       0       43      0       0      38       0
11      0       0       0       34      0       60      0       56      0       0       18      0       28      0       0       0       0       23      0       57      0       0       0       36      0       0       0       12      0       7      30       0       0       0       0       50      32      0       0       0       0       14      0       0       15      0       48      63      43      52      0       0       0       24      16      62      0       61      0       1       0      9
0       29      64      18      27      28      30      0       26      0       23      0       57      59      44      41      36      37      20      13      12      0       7       3       0       0       0       0       0       50      0      06       0       0       0       58      0       15      51      0       63      0       0       39      38      35      0       16      62      0       61      25      0       0       0       11      49      33      40      34      22      0      10
0       42      0       0       57      59      0       0       36      0       20      0       0       31      7       0       0       0       2       0       21      0       32      17      0       0       46      0       0       0       0      51       48      0       43      52      0       0       0       0       16      0       54      0       25      1       0       0       0       0       33      0       34      22      60      0       0       29      64      18      27      0      045
36      0       20      0       12      0       0       0       4       0       2       55      21      0       0       0       6       0       0       14      58      0       0       0       0       0       43      0       0       0       0      016      0       0       61      25      1       0       0       0       49      0       0       0       0       0       10      56      29      64      18      0       28      30      45      0       42      23      53      0       0       44     0
0       0       0       0       0       0       32      17      0       19      46      14      0       0       15      0       0       0       43      52      0       38      35      24      16      62      0       0       25      0       47     011      0       33      0       34      0       0       0       0       0       64      18      27      28      0       0       0       0       0       53      0       59      0       0       36      37      20      13      0       31      0      0
6       19      46      14      0       0       15      51      0       63      43      0       39      0       0       24      0       62      54      61      25      0       47      0       0       49      0       40      0       0       0      00       0       0       18      0       0       30      45      0       42      0       53      0       59      44      41      0       37      0       0       12      0       7       0       0       8       2       55      0       0       0      17
0       0       43      52      39      38      35      24      16      0       54      0       25      1       47      0       11      0       33      40      34      0       60      0       0       29      64      18      0       0       30     45       26      42      23      0       57      59      0       41      36      0       0       13      0       0       0       0       4       0       2       55      21      50      32      0       6       19      0       0       0       0      15       51
0       62      0       0       0       1       0       0       0       0       0       40      34      22      0       0       0       0       0       18      0       0       0       0       0       0       0       0       57      0       0      41       0       37      0       13      12      0       0       0       4       8       0       55      21      50      0       17      6       0       46      0       58      0       0       51      48      63      0       0       0       38     024
49      33      0       34      0       60      0       0       0       64      18      0       28      0       0       56      42      0       53      0       0       0       0       0       0       20      13      12      31      0       3      36       8       0       55      0       50      0       0       0       0       0       14      0       5       15      51      0       0       43      52      39      0       0       24      48      0       54      61      0       1       47     016
29      0       0       27      28      30      0       0       0       0       53      57      0       44      0       0       37      0       0       0       31      0       0       0       8       0       55      21      50      0       17     419      0       14      58      5       0       0       0       63      0       0       39      38      35      0       48      0       54      61      0       1       0       9       16      0       33      40      0       0       60      0      0
0       0       0       0       59      44      0       26      37      20      13      12      0       0       3       36      8       2       55      21      50      32      17      0       0       46      14      58      5       0       51     063      0       0       39      38      35      24      48      62      0       61      0       1       47      9       16      0       33      40      0       22      60      10      0       29      64      18      27      0       30      45     0
0       0       0       0       0       0       0       0       8       0       0       0       50      0       0       0       0       46      14      0       5       15      0       0       63      0       0       0       0       0       24     48       62      0       61      0       1       0       0       0       0       33      40      0       0       0       10      11      0       64      0       27      28      30      0       56      0       23      0       57      59      0      026
8       0       55      21      50      0       0       0       0       0       14      58      0       15      51      6       63      0       52      39      38      0       24      0       62      0       61      25      1       0       9      16       49      33      0       34      0       60      10      11      29      64      18      0       0       30      0       0       42      23      53      57      0       44      0       0       37      0       0       12      31      7      036
19      46      0       58      5       0       51      6       0       0       0       39      0       0       24      0       0       54      0       25      1       0       9       16      49      0       0       0       0       60      0      11       29      64      18      27      0       30      0       0       0       23      0       0       0       0       41      26      0       20      0       12      0       0       3       0       8       0       55      21      0       32     17       0
63      43      52      39      38      0       0       48      0       54      0       0       1       0       0       0       0       33      0       34      0       60      10      11      0       64      18      0       28      30      45     042      23      0       57      0       44      41      0       37      0       13      12      0       0       3       36      8       0       0       0       0       0       0       0       0       0       14      58      0       15      0      0
0       54      61      25      1       47      0       16      49      0       0       0       0       0       0       0       29      64      18      27      0       30      0       0       0       0       0       0       0       44      41     26       37      20      0       12      0       7       3       0       8       0       55      0       50      0       17      0       19      46      0       0       5       15      51      6       0       0       0       39      0       0      00
33      40      0       0       60      10      11      49      0       18      0       28      0       0       0       0       23      53      0       59      44      0       26      0       0       0       0       31      0       3       36     02       0       21      0       0       17      0       0       46      0       0       0       15      51      0       19      43      52      0       38      0       0       0       63      0       61      0       1       0       0       0      0
64      0       27      28      0       45      0       0       0       53      57      0       44      0       26      42      0       0       12      0       7       0       0       0       0       55      0       50      0       17      4      80       14      58      5       15      0       0       0       0       52      0       0       0       0       0       0       54      0       25      1       47      0       16      0       33      0       34      0       60      10      0      0
23      0       57      0       44      0       26      0       0       0       12      0       7       0       36      37      2       55      0       50      0       0       4       0       46      14      0       5       15      51      6      19       43      52      0       38      0       24      48      0       0       61      25      1       47      9       16      62      33      0       0       0       60      0       0       0       0       18      0       0       30      0      029
0       0       0       0       0       0       36      37      0       55      21      0       32      0       4       8       46      0       0       0       15      51      6       0       43      0       39      0       0       0       0      63       54      61      0       0       0       0       16      0       0       40      34      0       0       10      0       49      0       0       0       0       0       0       56      29      23      53      0       0       44      41     26       42
0       0       21      50      0       17      0       8       46      14      58      5       15      0       6       19      43      0       0       38      35      24      48      63      54      0       25      1       0       9       0      62       0       0       0       22      0       10      0       0       64      0       0       0       30      0       0       0       23      53      0       59      44      0       0       0       20      0       0       0       0       3      36       37
0       0       0       5       0       51      6       19      0       0       0       0       0       24      48      0       54      0       25      0       47      0       16      62      33      0       34      0       60      10      0      00       18      27      28      30      45      56      0       0       0       0       59      0       0       26      42      0       13      0       0       0       0       36      0       2       55      21      50      32      0       4      0
43      52      0       38      35      24      48      0       0       0       25      0       47      9       0       0       33      40      0       0       0       0       11      0       0       18      27      0       0       45      56     023      0       57      59      0       41      0       0       0       0       12      0       0       0       0       0       0       55      21      50      0       17      0       8       46      0       0       5       0       0       0      0
54      0       0       1       0       0       0       62      33      0       34      22      60      0       0       0       0       18      0       28      30      45      56      0       23      0       0       0       44      41      0      42       20      13      12      0       0       0       36      37      2       55      21      50      0       0       0       8       0       14      58      5       0       51      0       0       0       52      39      0       35      0      063