9
0       14      0       52      0       0       28      0       0       23      0       30      0       0       38      0       76      0       0       19      35      0       36      0       0       0       40      26      0       18      8      66       59      46      53      0       0       24      43      0       13      0       0       60      79      0       0       47      0       51      0       0       0       0       0       0       58      0       0       0       0       74     042      80      11      0       0       77      4       54      0       0       3       0       15      0       55      67      49      62
0       32      0       39      0       38      0       76      5       27      19      35      6       36      7       68      0       0       26      0       18      0       0       59      46      0       0       10      0       43      44     045      63      0       0       57      78      0       31      0       0       65      0       0       37      0       0       1       0       12      48      0       0       42      0       11      0       71      77      0       54      0      03       69      15      0       0       67      0       62      0       14      0       0       9       41      28      21      0
27      19      35      6       36      7       68      22      40      26      0       18      0       0       0       46      0       73      0       0       0       0       0       0       63      60      79      57      78      47      0      51       0       65      17      0       37      0       0       1       0       0       48      0       20      0       0       0       0       71      0       0       0       72      29      0       69      15      0       55      0       49     62       70      14      0       0       9       41      0       21      0       23      0       30      39      2       0       0       76      0
26      0       18      8       0       0       46      53      73      10      0       0       0       0       0       63      60      79      57      0       47      0       0       0       65      0       34      0       0       58      0      00       0       74      20      0       80      11      0       0       0       4       54      72      29      3       0       15      61      55      67      0       62      70      0       0       52      0       41      28      21      16     00       30      0       2       38      25      76      0       0       19      0       6       36      0       0       22      0
0       0       0       0       0       45      0       0       0       0       0       0       0       51      0       0       0       0       37      0       0       0       0       12      0       0       20      42      80      0       81     077      0       0       0       0       3       69      0       0       0       67      0       0       0       14      33      0       9       41      28      21      0       23      0       30      0       0       38      25      0       0      27       19      35      0       36      7       0       0       40      26      0       0       0       0       0       0       53      73
0       78      47      31      0       0       65      17      34      37      75      58      1       64      12      48      0       20      0       80      0       0       71      0       4       0       72      0       3       69      0      61       55      0       49      0       70      0       0       0       0       0       0       0       0       0       32      30      39      0       38      0       76      5       27      19      0       6       0       7       68      0      40       0       56      18      8       0       0       46      53      0       0       0       43      0       13      45      0       60      0
37      75      0       1       64      0       48      0       0       42      0       11      81      71      77      4       0       0       29      0       0       0       61      55      0       0       0       70      0       0       0      00       0       0       16      23      0       0       0       0       38      0       0       0       27      19      35      0       36      0       0       0       0       0       56      0       8       66      59      46      53      0      00       43      0       0       45      63      0       0       0       78      0       31      51      0       65      17      0
0       0       11      81      71      77      0       0       0       0       0       0       15      61      55      0       49      0       0       14      33      52      0       0       0       0       0       23      0       0       0      238      0       0       0       27      19      35      0       36      0       68      22      0       26      0       0       0       66      59      46      0       0       0       24      0       44      0       45      63      60      0      57       78      47      0       51      50      0       0       34      37      0       0       1       0       12      0       74      0
0       3       69      0       0       55      67      49      0       70      14      33      0       9       41      0       21      16      23      0       0       39      2       38      0       76      0       27      0       0       0      07       0       22      0       0       56      0       0       66      0       0       53      73      0       0       43      0       0       0       63      60      0       57      0       0       0       0       0       65      17      34     37       0       58      1       0       12      0       74      20      0       0       11      0       71      77      0       0       0
14      0       0       9       0       0       0       16      70      32      30      0       2       0       25      76      0       0       19      35      0       0       0       68      0       40      27      0       0       0       0      59       46      53      73      0       0       0       0       13      45      63      0       79      0       0       0       31      0       0       65      17      34      57      0       58      1       0       0       48      0       20     37       0       0       81      0       77      0       54      72      0       3       0       15      0       0       0       0       62      29
32      30      0       2       0       0       76      0       23      19      35      0       36      0       68      22      40      27      56      0       0       0       0       46      0       0       0       24      43      0       0      45       63      60      79      0       0       0       31      0       0       65      17      34      57      75      58      1       0       12      0       74      20      0       80      0       81      71      77      4       0       0      00       0       0       0       55      67      0       0       29      14      33      52      9       41      28      21      0       0
19      0       0       0       7       68      0       40      27      0       0       0       66      0       46      53      73      26      24      0       44      13      0       63      60      0       10      0       47      31      51     50       0       0       0       0       0       58      0       64      0       0       0       20      37      80      11      81      71      77      0       54      0       0       3       0       15      0       55      67      0       62     29       14      0       0       9       0       0       0       0       0       32      30      0       2       38      0       76      0       0
56      0       8       0       59      46      0       0       26      24      43      0       13      45      63      60      79      0       0       47      31      51      50      0       0       0       0       75      0       1       64     048      74      20      37      80      11      0       0       77      0       54      72      0       3       69      15      61      55      67      49      62      29      0       33      0       0       41      0       0       16      70     00       0       0       0       0       76      5       0       0       35      0       0       0       68      0       0       27
0       0       44      0       0       63      0       79      0       78      0       0       51      0       65      0       34      57      75      0       1       0       12      0       0       0       37      0       11      0       0      04       0       0       0       3       69      0       0       55      0       49      62      29      0       33      52      0       41      0       0       16      70      32      0       0       2       38      25      0       0       0      19       35      6       0       7       68      0       0       27      56      18      0       66      0       0       53      73      0
78      0       0       51      50      65      0       34      57      0       58      0       0       12      48      0       0       37      80      11      81      71      77      4       0       72      0       3       0       0       61     067      0       0       29      14      33      0       9       41      0       21      0       0       32      30      39      2       38      0       76      0       0       19      35      6       0       0       0       22      0       27     018      0       0       59      0       53      0       0       0       0       44      13      0       0       0       0       0
75      58      1       0       12      0       0       20      37      80      11      0       71      0       0       0       0       42      0       0       0       61      0       67      0       0       0       14      33      52      0      41       28      21      16      0       0       0       0       0       38      0       76      5       0       0       35      6       0       0       0       22      0       27      56      18      8       0       59      46      53      73     024      43      0       0       0       63      60      79      10      78      47      0       0       0       0       0       0       57
80      0       0       0       77      4       0       0       42      0       0       15      61      55      67      0       0       0       14      33      0       9       41      0       0       0       0       32      30      39      2      38       0       76      0       0       19      35      0       36      7       68      0       40      27      0       18      8       0       59      46      53      73      26      24      43      0       0       45      0       0       0      078      0       0       51      0       0       0       0       0       0       58      1       64      12      48      74      0       37
3       0       15      61      0       67      0       62      0       14      0       52      0       41      0       21      16      70      32      0       0       0       38      25      0       5       23      0       35      0       0      768      22      40      27      56      0       8       0       0       46      0       0       26      24      0       44      13      0       0       60      0       0       78      47      31      51      50      65      0       0       0      00       0       0       12      0       74      0       37      80      0       0       71      0       0       54      72      42
0       52      0       41      28      21      16      70      14      0       0       0       38      25      0       0       23      0       35      6       36      0       68      0       40      27      0       0       8       0       59     00       0       0       0       0       44      0       0       0       60      0       0       24      47      31      51      0       0       17      0       57      78      0       1       64      12      48      74      0       37      0      11       0       0       0       0       0       72      42      80      69      0       0       55      0       0       0       29      3
0       39      2       38      0       0       5       0       0       0       6       0       7       68      22      0       0       0       18      0       66      59      0       0       0       0       0       0       44      0       0      63       0       79      10      24      0       31      0       50      0       0       0       57      0       0       0       64      0       48      0       0       37      75      11      81      71      0       0       54      0       42     80       69      15      61      0       0       0       62      0       3       33      52      9       0       28      21      16      0       14
0       6       36      7       68      22      40      27      0       18      0       66      0       0       53      0       26      56      43      0       0       0       0       60      0       10      24      0       31      0       0      65       0       34      57      0       58      1       0       12      48      74      20      0       75      11      0       71      77      0       0       72      42      80      69      15      0       55      0       0       0       0      033      0       0       0       0       0       0       0       14      0       0       0       0       25      76      5       23      32
0       8       66      59      46      53      0       26      56      43      0       0       45      0       60      0       0       0       0       31      0       0       0       17      34      0       78      0       0       0       0      48       0       0       37      75      11      0       71      77      4       54      0       42      0       0       0       61      55      67      49      0       0       3       33      52      0       41      0       21      0       70     14       0       0       0       0       0       76      0       0       32      0       6       36      0       0       22      0       27      19
43      0       13      45      0       60      0       10      0       0       0       0       0       65      17      34      0       78      0       0       0       0       48      74      20      0       0       11      0       0       77     00       72      0       80      69      15      61      0       0       49      62      29      3       0       0       9       0       28      0       16      0       0       30      0       0       38      0       76      0       23      0      35       6       36      0       0       22      0       27      0       0       0       0       59      46      53      73      0       56
0       0       51      50      65      0       0       57      0       0       0       0       12      48      0       20      0       75      11      81      0       0       4       54      0       42      80      0       15      0       55     049      62      0       3       0       0       9       41      28      21      0       0       14      0       0       0       0       25      0       5       0       0       35      6       0       7       68      0       0       27      19     18       8       66      59      0       0       0       26      0       0       0       13      0       63      60      79      10      24
0       1       0       0       0       74      20      0       75      11      0       71      77      0       54      72      0       0       0       15      0       0       0       0       0       29      0       0       52      0       0      28       21      0       0       0       0       0       2       0       0       0       0       23      32      0       6       36      7       68      22      40      0       19      0       8       66      59      46      0       73      0      043      44      13      0       0       0       0       10      0       0       0       0       0       65      0       0       0       0
11      0       71      77      4       0       72      42      0       0       15      61      55      67      0       62      0       3       33      0       0       0       28      21      16      0       0       0       0       2       0      00       0       0       0       35      0       0       0       0       22      40      0       19      0       8       66      0       46      0       73      0       0       0       0       13      45      63      0       79      0       24     00       0       50      0       0       0       0       78      0       0       0       12      48      0       20      0       0
0       15      61      55      0       0       62      0       3       33      0       0       41      28      21      16      70      14      0       0       0       0       0       76      5       0       32      35      0       0       0      68       0       40      27      19      0       8       0       0       46      53      0       0       56      0       0       13      0       63      60      79      0       0       47      0       51      50      0       0       34      0      00       0       0       12      48      0       0       37      75      11      0       0       77      4       54      0       42      80
0       9       0       28      0       16      70      0       33      0       0       0       25      0       5       0       0       30      6       36      7       68      22      0       0       0       35      0       66      59      0      073      26      0       0       0       0       0       0       60      79      10      24      0       31      0       50      65      0       0       0       78      0       1       0       12      48      0       20      37      75      0      00       77      4       54      0       0       0       0       15      0       0       0       0       62      29      0       69
0       2       38      25      0       0       0       0       30      0       36      0       0       0       40      0       0       35      0       0       0       46      0       73      26      56      0       44      13      45      63     00       10      24      43      31      0       0       65      17      0       0       0       47      0       0       12      0       74      0       37      75      58      81      71      77      0       0       0       42      0       11     061      55      0       49      0       29      3       69      52      9       0       28      0       16      70      0       33
0       0       0       0       22      0       27      0       35      0       0       59      0       53      73      26      0       18      0       13      45      0       60      79      0       24      43      0       0       0       65     17       34      0       78      47      1       64      12      0       0       0       0       75      58      0       71      0       0       54      0       0       0       0       15      61      55      67      49      0       0       3      00       0       0       28      0       0       70      14      33      0       0       0       0       76      0       0       0       0
8       0       0       46      0       0       26      0       0       0       13      0       63      0       79      10      0       43      0       0       50      65      0       34      0       78      47      1       0       12      48     74       0       0       75      58      81      71      0       4       0       0       0       0       11      15      0       55      67      0       0       29      0       69      52      9       0       0       21      16      0       14     33       39      0       38      25      76      5       0       32      0       6       0       0       68      0       40      27      0       0
44      13      45      63      60      79      0       0       0       31      51      0       65      17      0       0       78      0       0       0       0       0       0       20      37      75      58      81      71      0       4      54       0       42      0       11      0       61      0       67      49      62      0       0       69      52      9       0       0       0       16      70      14      33      0       2       38      0       0       5       23      0      06       0       7       68      22      40      0       19      0       0       66      59      46      53      73      0       56      0
0       51      50      0       0       34      0       78      0       1       0       12      0       0       20      0       0       58      0       71      0       4       54      0       42      80      0       15      0       0       67     49       62      29      3       0       52      0       41      28      0       0       70      14      33      39      0       0       0       0       0       23      0       0       0       36      0       68      22      40      27      19     08       66      0       0       0       73      0       0       18      44      0       45      63      60      79      0       0       0
0       0       12      48      74      20      37      75      0       81      71      0       0       54      72      42      80      0       0       0       55      0       49      0       0       3       0       0       9       41      28     00       0       0       0       0       0       38      25      76      5       23      0       0       6       36      0       0       0       40      0       19      35      8       0       0       46      0       0       26      0       18     44       13      0       0       60      0       0       24      0       31      51      50      0       17      34      57      0       0
81      71      0       0       0       0       42      0       11      0       0       0       0       0       62      29      0       69      0       9       41      28      21      0       0       0       0       0       0       0       0      76       0       23      0       30      0       0       0       0       22      0       0       0       35      0       0       0       0       0       73      0       0       18      44      13      45      63      60      0       0       0      031      0       50      0       0       0       57      78      0       0       0       12      48      74      20      0       0       0
0       0       55      67      0       0       29      0       0       0       9       41      0       0       0       0       14      33      0       2       0       25      76      5       0       32      0       0       0       7       68     00       27      0       0       0       0       59      46      53      0       26      0       18      44      0       45      63      60      79      0       24      43      31      0       50      0       17      34      0       78      0      00       12      48      74      0       37      0       0       0       0       0       0       0       72      0       80      11
9       0       28      21      0       70      0       33      52      0       38      0       76      0       23      32      0       39      0       0       0       22      0       0       0       35      6       0       59      46      0      73       26      56      18      0       13      0       63      60      79      10      0       43      0       0       50      65      17      0       0       0       47      31      64      0       0       0       0       0       0       58     00       77      0       0       72      0       0       0       0       0       55      67      49      62      29      3       69      15
0       0       25      76      5       0       0       0       39      36      7       0       0       40      0       19      0       6       0       59      0       0       0       0       0       0       0       0       0       0       0      79       0       0       43      0       0       0       65      0       0       57      78      47      31      64      0       0       74      20      0       0       0       1       71      77      0       54      72      42      0       0      061      0       0       0       62      0       0       0       15      9       41      0       21      16      70      14      33      52
0       0       68      22      0       27      0       0       6       66      0       46      0       0       0       56      0       0       0       45      63      60      79      10      0       0       44      0       0       65      0      34       0       0       47      0       64      12      48      74      20      0       75      0       0       0       0       4       54      0       42      0       0       0       0       55      67      49      0       0       3       69     09       41      28      0       16      70      0       33      52      0       0       0       76      5       23      32      0       0
66      59      46      0       0       26      0       0       0       13      45      63      60      79      10      24      0       44      51      50      65      17      0       0       0       0       31      0       0       0       0      20       0       0       0       1       71      0       4       0       0       42      0       0       81      0       0       0       0       0       0       3       0       0       0       41      28      0       16      70      14      0      52       0       38      0       76      5       23      32      30      39      36      0       0       22      0       0       0       35      6
13      45      63      0       79      10      24      0       44      51      50      0       17      0       57      0       0       31      64      0       48      74      0       37      0       0       0       71      77      0       0      042      0       11      81      0       55      0       49      62      0       0       69      0       0       41      28      21      16      70      14      33      0       2       0       0       0       5       0       0       0       39     07       0       0       0       0       19      0       6       66      0       46      0       73      26      0       18      8
0       0       65      0       0       57      78      0       31      0       12      0       74      0       0       0       58      1       71      77      4       54      72      0       0       0       0       0       0       67      49     62       0       3       0       15      9       0       0       21      0       0       0       0       52      2       38      25      0       5       0       0       0       0       36      7       0       0       0       27      0       0      666      59      46      0       73      0       56      0       8       13      45      0       60      0       0       0       43      44
64      0       0       0       0       0       75      58      1       71      77      4       0       72      42      0       0       81      61      55      0       0       62      29      3       69      0       9       0       0       21     070      0       0       0       2       0       0       76      5       0       32      0       39      36      7       0       0       40      0       19      0       0       66      59      46      0       73      0       56      18      0      13       0       63      0       0       0       0       0       0       51      50      65      17      34      57      78      0       0
0       77      4       0       72      42      0       11      81      61      55      67      0       0       0       0       69      15      0       0       28      21      16      70      0       33      52      0       38      25      76     523      0       0       39      0       7       68      22      40      0       19      35      6       66      0       46      53      73      26      56      0       8       13      45      63      0       0       0       0       43      0      00       65      0       34      57      78      47      31      0       0       48      0       0       37      0       0       1
0       55      0       0       62      0       3       0       0       0       41      0       21      0       70      14      0       52      2       0       0       76      5       23      0       0       0       0       7       68      0      40       27      0       0       0       66      0       46      0       73      0       56      18      8       13      45      0       0       79      10      24      0       44      51      50      0       0       0       57      0       47     31       64      0       0       0       20      0       0       0       0       71      77      4       0       72      42      80      0       0
0       0       21      0       0       14      0       52      0       0       25      0       0       23      0       30      0       0       0       68      22      0       0       19      0       6       0       0       46      53      73     056      18      0       0       45      63      60      0       0       24      0       44      13      50      65      0       0       57      0       0       0       51      12      48      74      0       0       0       0       1       64     04       0       0       0       0       0       81      71      0       0       49      0       0       0       69      15      0
0       25      76      5       23      32      30      0       0       0       68      0       40      27      19      0       0       0       0       46      0       0       0       0       18      8       66      0       63      0       79     00       43      0       0       50      65      17      0       0       78      0       0       51      0       0       0       20      37      0       0       0       64      77      0       54      0       42      80      11      81      71     067      0       62      29      0       69      15      0       41      0       21      0       70      0       33      52      0
7       0       0       40      27      19      0       0       0       0       0       0       0       26      56      0       8       66      45      63      60      0       10      0       43      0       0       0       65      0       0      57       0       47      31      0       12      0       74      0       0       0       0       1       0       0       0       0       0       42      0       11      0       0       0       0       0       0       0       0       69      15     00       28      0       16      70      0       33      52      9       0       0       76      5       23      32      0       0       2
59      0       0       73      0       0       0       8       66      45      63      60      0       10      24      43      44      13      0       0       17      0       57      0       47      0       0       12      48      0       20     075      0       0       0       77      4       0       72      42      80      11      0       71      55      0       49      0       0       0       0       15      61      0       28      0       16      70      0       0       52      9      38       25      0       0       23      0       0       0       0       0       0       22      0       27      19      0       0       0
0       63      0       0       0       24      43      44      13      0       0       0       34      0       0       0       0       0       0       48      74      20      0       75      0       1       64      0       0       0       72     42       0       0       0       0       0       0       0       62      0       3       0       0       61      41      28      0       0       0       0       33      52      9       38      0       76      5       23      0       0       39     27       0       0       0       0       0       35      0       36      0       46      0       0       26      0       18      0       0
0       0       0       0       0       78      0       0       51      12      48      74      20      0       0       58      1       64      0       0       0       0       42      0       11      0       0       0       0       0       62     29       3       0       0       61      0       28      0       0       70      14      0       0       0       0       0       0       0       23      32      0       0       2       7       0       0       40      27      19      0       0      36       0       46      0       0       26      0       0       0       66      0       0       0       79      10      24      0       0       13
12      48      0       20      0       75      58      0       64      77      4       0       0       0       80      11      0       71      55      67      0       62      0       3       0       0       61      0       28      21      0      70       14      33      0       0       38      0       76      5       0       32      30      39      2       7       0       0       40      0       0       0       0       36      59      46      0       73      0       0       18      8      66       0       63      0       79      10      24      0       44      0       0       65      17      0       57      0       47      31      51
0       4       0       0       42      0       11      81      71      55      0       49      62      29      3       0       15      61      0       0       21      16      0       0       33      52      0       0       0       76      0      23       32      30      39      2       0       68      22      0       27      0       0       6       0       0       0       53      0       26      0       18      0       66      0       0       0       79      0       24      43      44     13       50      0       17      34      57      0       0       31      0       12      0       74      20      0       0       58      1       64
0       67      0       62      0       3       0       15      0       0       28      21      0       0       0       33      0       0       0       25      0       5       0       0       30      0       2       7       0       22      40     27       0       0       6       36      0       0       53      0       26      0       0       8       66      45      63      0       0       0       24      0       0       0       50      65      17      34      57      0       47      31     00       0       74      20      37      0       58      0       64      0       4       54      0       42      80      0       81      0
0       0       16      70      0       33      52      0       41      0       0       5       23      0       0       39      0       38      68      0       0       27      0       35      6       36      7       46      0       73      0      56       0       0       66      59      63      60      0       10      0       0       0       13      45      65      17      0       57      78      47      31      51      0       48      74      20      37      75      0       0       0      12       4       0       72      0       0       0       81      0       77      0       49      62      0       0       0       15      0       0
0       0       5       23      0       30      39      2       0       68      0       40      27      0       0       6       36      7       0       0       73      26      56      18      8       66      0       0       60      0       0      043      0       13      45      0       17      34      57      78      0       0       51      50      48      0       0       0       75      58      0       64      12      0       0       72      0       80      0       81      0       77     67       49      62      29      3       0       15      61      0       0       0       16      70      14      0       0       0       0
0       22      40      0       0       0       6       36      0       0       53      0       0       0       0       8       0       0       0       60      79      10      0       0       44      0       0       0       17      34      0      047      0       0       50      48      0       20      0       75      0       1       0       12      4       0       0       0       80      0       0       0       0       0       0       62      29      0       0       0       61      55     00       0       0       0       33      52      9       41      0       0       5       0       0       0       39      2       38
46      53      0       0       0       18      0       0       0       63      60      0       0       24      43      44      0       0       0       0       34      0       78      0       0       0       50      0       74      20      0      75       58      1       0       0       4       54      0       42      0       0       0       71      0       67      49      0       0       0       69      0       0       0       28      21      16      70      0       33      0       9      41       0       76      0       0       0       30      39      0       0       0       22      0       0       19      0       6       36      0
63      0       79      0       24      43      44      13      45      65      0       34      0       0       0       31      51      50      48      74      0       0       0       0       1       64      12      4       54      72      0      00       0       71      0       0       49      62      0       0       0       15      61      55      0       21      16      0       0       33      52      9       41      0       0       5       0       0       0       0       2       38     00       40      27      19      0       6       36      7       46      53      73      26      0       18      0       66      0
0       17      34      0       0       0       31      0       50      0       74      20      0       0       0       0       64      0       4       54      0       42      80      0       81      0       77      0       49      62      29     069      15      0       55      0       0       0       0       14      0       0       0       0       25      76      0       23      0       0       0       0       38      0       22      0       0       0       0       6       0       7      46       53      0       26      0       18      0       0       59      0       60      0       10      0       43      0       0       0
48      74      20      37      0       58      0       0       0       4       0       0       0       0       0       81      71      77      0       0       0       0       3       69      0       61      0       0       0       16      70     14       33      52      9       41      0       76      0       23      32      30      0       0       0       68      22      0       0       0       0       6       36      0       46      0       73      0       56      0       0       66     063      0       79      10      24      43      0       13      45      0       17      34      57      78      47      31      0       0
0       54      0       42      80      0       81      71      0       67      0       62      0       0       0       0       0       0       0       21      0       70      0       0       52      9       41      25      76      0       0      00       39      0       38      0       22      40      0       19      0       0       0       0       46      0       73      0       56      0       8       66      59      63      60      79      10      24      43      0       0       0      017      0       0       0       0       0       51      0       48      0       20      0       0       0       1       64      12
0       0       62      0       0       0       15      0       0       28      21      0       70      0       0       0       9       41      25      0       0       0       32      30      0       0       38      0       0       40      0      19       0       0       36      7       46      53      0       26      56      18      0       66      0       63      0       79      10      0       0       0       13      0       65      17      0       57      0       47      31      51     048      0       0       37      75      0       1       64      0       4       0       72      0       0       0       0       0       0
0       0       0       14      0       0       0       0       28      76      0       23      0       0       39      2       38      25      0       40      27      19      35      0       36      0       68      53      0       0       0      18       8       66      59      0       60      79      10      24      43      44      0       0       0       0       0       0       0       47      0       0       50      0       74      0       0       75      0       1       0       12     48       54      72      42      0       11      81      71      0       4       49      62      0       0       0       15      0       55      67
76      0       0       32      0       39      0       0       0       0       40      0       0       35      0       0       7       68      53      73      0       56      18      0       66      0       46      60      79      10      0      00       13      0       63      17      34      0       0       0       0       51      50      65      0       0       37      0       0       1       64      12      48      0       72      0       0       11      81      0       0       0      49       0       29      3       0       15      0       55      0       0       16      0       0       33      52      0       0       28
0       40      27      0       0       6       36      0       68      53      73      26      0       0       0       0       0       0       0       0       0       24      43      44      0       0       63      17      34      0       78     00       51      50      0       74      20      37      75      0       1       64      12      0       54      72      0       0       0       81      71      77      4       49      0       0       3       0       0       61      0       67     00       70      14      0       52      9       41      0       0       5       23      32      30      39      0       0       0
0       73      0       0       18      0       66      0       46      0       0       10      0       43      0       0       0       0       17      0       0       0       47      0       0       0       65      0       20      0       0      58       0       64      0       48      0       72      0       80      0       81      71      0       4       0       62      0       3       69      0       0       55      0       0       0       70      0       0       0       9       41     076      5       23      32      30      39      0       38      25      0       40      0       0       0       0       0       7       68
60      0       10      0       43      0       13      0       63      0       34      57      78      47      0       51      50      0       0       0       0       0       58      0       64      0       48      0       72      42      0      11       81      0       77      4       0       62      29      0       0       15      61      0       67      0       0       70      14      33      0       0       0       0       76      0       23      32      0       0       0       38     00       40      0       0       0       0       0       7       68      0       73      0       0       0       0       0       0       0
17      34      0       0       47      31      51      0       0       0       20      37      75      0       1       64      12      0       0       72      0       80      0       81      0       0       0       49      62      0       3      00       0       55      67      0       16      0       0       0       0       0       41      28      0       5       23      32      0       39      0       0       25      0       0       0       0       0       0       36      0       68     073      0       0       18      0       66      0       0       0       79      0       0       0       0       13      0       63
74      20      37      75      58      0       0       0       48      0       0       42      0       11      81      71      77      4       49      62      0       0       69      0       61      0       67      0       0       0       0      33       52      0       41      28      76      5       0       0       0       39      0       38      25      0       0       27      19      0       0       0       7       0       0       73      26      0       0       8       0       59     46       0       79      10      0       43      44      13      0       0       17      34      57      78      47      0       0       50      65
54      0       42      0       11      81      0       77      0       0       0       0       0       69      0       61      0       67      21      0       0       14      0       52      9       0       28      0       5       23      0      30       0       0       0       25      0       0       27      19      35      0       0       7       0       0       73      26      0       18      0       66      59      46      60      79      0       24      0       44      13      45     63       17      0       57      78      47      0       51      50      0       0       20      0       75      0       0       64      12      48
0       62      29      0       0       0       61      0       67      21      16      0       0       33      52      0       41      0       76      5       0       0       0       0       0       0       25      22      0       27      19     35       0       0       0       68      53      0       0       56      18      0       0       0       0       60      79      0       0       43      0       13      0       63      17      34      0       78      0       31      0       0      65       74      20      0       75      58      0       0       0       0       0       72      42      80      11      81      71      0       4
0       70      0       33      52      9       0       28      0       5       0       32      30      0       0       38      0       0       0       0       19      35      6       0       7       68      0       73      26      0       18     80       0       46      0       0       0       0       43      0       0       0       63      60      34      57      78      0       0       0       50      0       0       0       0       0       58      0       64      0       0       74     72       42      80      0       81      0       0       4       0       62      0       0       69      0       0       55      0       49
0       0       0       30      39      2       38      25      0       40      27      19      35      6       36      7       68      22      0       0       0       18      0       66      0       0       53      79      10      0       43     013      0       63      60      0       57      78      47      31      51      50      65      0       0       37      0       0       0       64      12      48      0       0       0       80      0       81      71      77      4       54     62       29      3       69      0       61      55      67      49      0       70      14      33      0       9       0       0       0
0       0       0       35      6       0       7       0       0       0       0       0       0       0       0       0       0       0       0       10      0       0       0       0       0       0       0       0       57      78      47     00       50      0       17      0       0       0       58      1       0       0       0       74      0       42      80      11      0       71      0       4       0       62      0       3       0       15      61      0       0       0      00       14      0       52      0       41      28      21      0       0       0       30      39      2       38      25      0
73      0       56      0       8       0       0       0       53      0       0       0       43      44      13      45      0       60      0       0       78      0       0       0       0       0       17      0       0       75      58     064      12      48      74      72      0       0       11      81      71      0       4       54      0       29      0       0       0       0       0       0       49      16      70      0       33      0       9       0       0       0      023      0       0       39      2       38      25      76      0       0       19      0       6       36      0       0       0
79      10      24      43      44      13      0       0       0       0       57      0       47      0       0       0       65      0       0       37      0       0       0       64      0       0       74      0       42      0       11     81       0       0       4       0       0       0       3       0       15      61      55      67      0       0       0       0       33      52      9       0       0       0       0       23      32      0       0       2       38      0      76       0       27      19      35      6       0       0       0       0       0       0       0       0       8       66      59      46      53
34      0       0       47      31      0       50      0       17      0       0       75      0       1       64      12      48      74      0       0       0       0       0       71      77      4       54      0       29      3       0      00       0       0       0       16      0       14      0       52      0       0       28      0       0       23      32      30      0       0       0       25      76      40      0       19      35      6       0       0       0       22     73       26      0       18      0       66      59      46      0       79      0       0       0       44      0       0       63      60
0       37      0       0       1       64      12      48      74      0       0       0       0       81      71      77      4       0       62      29      0       0       15      61      55      67      49      0       0       0       33     52       0       0       28      0       0       23      0       0       0       0       38      25      0       40      27      0       0       6       0       7       68      22      73      26      56      0       8       0       59      46     53       0       0       24      43      44      13      0       0       0       34      0       0       0       31      0       50      0       0
72      42      0       11      81      71      77      0       54      0       0       3       0       15      0       0       67      0       0       70      14      33      52      0       0       28      0       5       23      0       30     39       0       0       25      0       0       27      0       0       6       36      0       0       0       73      0       0       0       8       0       0       0       53      0       10      24      43      0       13      0       0      034      57      0       47      31      51      0       0       17      0       0       0       58      0       64      12      0       0
0       29      3       0       0       61      0       67      0       16      0       14      0       52      0       41      28      0       5       0       32      30      39      0       38      0       0       40      0       19      0      636      0       68      22      73      0       56      0       0       0       59      46      0       0       0       0       43      0       13      45      63      0       34      57      78      0       31      0       0       65      0      00       0       0       0       0       0       0       74      0       0       0       11      81      71      77      4       0
